BPM 44.000000
R 16.000000 104.000000 219.000000 255.000000 ./data/runaway-soundboard/piano2.mp3
R 153.000000 193.000000 241.000000 255.000000 ./data/runaway-soundboard/piano1.mp3
R 165.000000 29.000000 45.000000 255.000000 ./data/runaway-soundboard/piano4.mp3
R 246.000000 97.000000 81.000000 255.000000 ./data/runaway-soundboard/piano3.mp3
R 38.000000 162.000000 105.000000 255.000000 ./data/runaway-soundboard/piano6.mp3
R 143.000000 240.000000 164.000000 255.000000 ./data/runaway-soundboard/piano5.mp3
R 97.000000 53.000000 131.000000 255.000000 ./data/runaway-soundboard/piano8.mp3
R 220.000000 138.000000 221.000000 255.000000 ./data/runaway-soundboard/piano7.mp3
N 4 0 0.236939 0.452958
N 2 1 -0.318237 0.362943
N 2 0 -0.145307 0.141422
N 4 0 0.345879 0.119391
N 6 0 0.090981 -0.387590
N 1 0 0.197485 0.570106
N 6 0 0.062221 -0.001146
N 2 0 0.004925 0.414122
N 6 0 0.276058 -0.202998
N 4 0 0.041909 0.307941
N 3 0 0.485483 -0.172134
N 5 0 -0.027224 -0.354138
N 8 0 -0.217211 -0.187631
N 7 0 -0.246010 -0.003394
N 8 0 -0.292437 -0.551881
N 8 0 -0.415033 -0.235078
L 2 3 0
L 3 8 0
L 8 6 0
L 6 10 0
L 10 1 0
L 1 4 0
L 4 11 0
L 11 9 0
L 9 5 0
L 5 7 0
L 7 12 0
L 12 13 0
L 13 15 0
L 15 16 0
L 16 14 0
L 14 2 0
