BPM 44.000000
R 26.000000 95.000000 180.000000 255.000000 ./data/runaway-soundboard/piano/piano2.wav
R 153.000000 193.000000 241.000000 255.000000 ./data/runaway-soundboard/piano/piano1.wav
R 165.000000 29.000000 45.000000 255.000000 ./data/runaway-soundboard/piano/piano4.wav
R 246.000000 97.000000 81.000000 255.000000 ./data/runaway-soundboard/piano/piano3.wav
R 38.000000 162.000000 105.000000 255.000000 ./data/runaway-soundboard/piano/piano6.wav
R 143.000000 240.000000 164.000000 255.000000 ./data/runaway-soundboard/piano/piano5.wav
R 129.000000 61.000000 156.000000 255.000000 ./data/runaway-soundboard/piano/piano8.wav
R 220.000000 138.000000 221.000000 255.000000 ./data/runaway-soundboard/piano/piano7.wav
N 2 1 0.361285 0.397163
N 2 0 0.271161 0.044768
N 2 0 0.151876 0.365901
N 4 0 -0.237536 0.284275
N 4 0 -0.245835 0.674086
N 4 0 -0.059890 0.492528
N 6 0 -0.201539 -0.428470
N 6 0 -0.299262 -0.083127
N 6 0 -0.411456 -0.412954
N 8 0 0.161182 -0.345066
N 8 0 -0.014910 -0.557824
N 8 0 0.172360 -0.734630
L 1 3 0
L 3 2 0
L 2 1 0
L 4 6 0
L 6 5 0
L 5 4 0
L 7 9 0
L 9 8 0
L 8 7 0
L 10 12 0
L 12 11 0
L 11 10 0
A N 1 1 2
A N 6 5 4
A N 8 9 6
A N 12 11 8
P N 3 1 1
P N 5 5 3
P N 7 9 5
P N 11 11 7
